2
3 5
17 21
4
4 1
11 16 48 9
19
10 6
21 33 30 13 30 9 37 21 4 3 30 23 18 41 12 31 22 23 5
40
8 10
38 9 50 2 2 29 2 14 34 15 21 28 47 37 19 43 36 45 21 13 10 15 31 19 31 20 26 45 21 2 46 15 20 20 27 47 21 28 24 41
43
2 6
19 19 7 40 33 32 20 10 9 13 12 46 46 42 1 33 42 10 17 25 30 17 4 43 50 32 17 18 21 34 19 22 46 18 9 34 34 43 43 40 3 13 25
107
10 3
28 11 21 24 46 44 24 43 24 26 50 27 43 31 12 29 29 36 8 17 49 41 1 49 10 39 39 36 34 5 15 15 8 10 44 47 41 22 47 48 5 34 39 22 8 4 7 26 10 10 22 12 48 20 21 37 25 42 25 50 13 46 40 7 21 34 11 48 27 5 41 8 50 37 12 50 28 50 6 39 27 6 7 10 49 20 26 39 26 3 5 43 24 34 32 47 28 22 14 26 28 41 28 6 27 42 11
173
2 1
8 49 19 26 21 4 11 32 45 37 35 37 50 50 50 36 3 30 39 7 13 24 23 39 37 28 49 18 21 36 18 9 2 42 23 29 42 34 10 2 1 48 6 18 8 15 8 12 4 16 42 13 46 35 12 27 36 8 25 26 46 9 28 42 37 13 35 32 6 9 48 39 47 1 17 11 1 40 3 42 2 30 48 49 27 32 19 24 4 46 1 13 10 26 5 1 35 38 30 28 8 25 2 50 33 22 46 6 33 24 33 24 10 35 37 39 49 31 47 31 18 13 42 6 48 14 21 4 41 1 9 50 19 38 1 7 44 1 25 30 15 7 18 25 39 43 21 40 12 11 26 50 6 36 43 32 48 28 4 38 16 32 2 1 41 25 44 4 41 3 16 49 41
380
9 5
22 8 28 28 33 38 29 2 6 15 45 19 5 12 18 23 4 2 35 18 48 14 31 30 22 44 42 23 2 37 10 1 37 2 26 34 42 43 47 50 1 47 29 34 10 28 17 4 8 24 20 22 11 8 18 4 23 40 36 38 37 22 5 11 8 14 31 16 10 46 4 48 14 3 48 9 14 29 23 12 3 14 4 2 14 22 3 8 45 11 46 33 49 25 32 8 40 24 21 24 21 20 41 7 39 33 8 37 45 37 7 13 5 32 37 50 41 12 8 26 9 29 43 10 28 17 44 42 35 25 14 22 28 44 46 6 29 3 8 38 15 34 27 13 36 22 20 45 28 42 37 3 34 32 26 1 50 43 39 6 32 24 35 35 36 1 43 28 14 39 38 28 30 9 21 37 4 26 1 45 5 11 27 44 25 4 14 23 14 38 46 31 27 32 5 13 16 1 48 42 23 21 41 28 5 8 38 39 10 4 42 12 8 2 17 4 50 4 40 32 38 41 38 2 1 16 2 48 3 23 25 12 3 36 44 5 28 10 3 43 29 19 10 28 35 37 44 11 11 36 17 20 27 24 27 39 45 30 14 31 7 12 16 24 9 46 43 7 10 26 35 39 38 37 30 48 4 19 8 18 47 26 16 12 9 30 36 17 30 25 17 26 10 50 6 27 34 49 12 5 9 23 44 29 41 38 8 5 26 45 11 22 1 26 28 12 1 22 5 37 31 31 44 31 40 50 34 44 3 14 11 2 38 18 28 33 46 40 32 38 33 22 22 43 6 32 14 34 29 3 16 15 49 24 24 15 14 4 19 10 17 4 13 5 5 45 8 11 24 41 25 27 2 15 50 50 28 21 48 39
446
3 4
18 2 3 18 20 6 38 16 22 38 9 5 11 23 36 14 27 14 38 41 2 40 11 38 28 37 9 27 3 1 11 7 33 18 17 7 16 8 33 29 15 14 21 36 8 35 21 36 27 15 8 21 18 23 47 24 4 6 29 46 6 9 4 29 5 5 41 17 47 46 47 19 49 11 15 45 9 34 36 46 2 47 36 33 44 17 19 7 39 7 1 38 48 29 49 49 50 28 17 40 12 46 39 38 46 14 33 40 14 40 36 33 17 49 14 17 41 47 48 39 12 25 19 13 13 1 40 33 9 14 49 45 31 25 35 33 30 48 28 7 38 23 4 2 50 49 6 3 46 23 46 39 49 18 49 9 20 28 10 30 7 34 34 1 40 19 19 5 49 26 40 21 31 32 35 37 24 16 39 6 8 6 2 20 34 13 33 23 1 6 25 29 6 9 12 14 36 49 29 6 34 20 3 14 13 25 28 11 46 24 35 4 35 20 27 46 8 8 5 40 15 7 12 12 39 40 49 42 21 42 13 22 10 14 34 4 13 11 20 41 29 13 22 25 19 8 36 2 6 1 19 8 50 43 33 29 31 14 43 8 9 50 2 26 35 9 14 41 17 48 28 21 39 24 22 18 48 14 26 42 16 21 7 15 46 2 18 47 20 30 6 36 24 34 12 37 4 6 23 15 23 2 26 13 12 45 7 18 27 10 6 9 17 2 50 24 24 38 20 29 35 50 16 10 13 33 2 39 29 36 2 22 18 10 33 14 1 14 30 7 10 22 25 14 6 46 28 3 14 5 19 1 3 19 12 33 41 41 3 12 11 7 5 4 40 2 32 23 36 20 13 21 49 30 17 17 48 24 31 39 20 41 40 24 48 29 46 46 19 38 2 25 27 30 8 29 23 35 11 40 29 8 36 49 19 20 45 44 17 25 37 42 38 34 31 31 17 21 16 3 7 30 19 21 28 33 39 17 34 31 21 23 32 32 23 25 36 12 42 4 44 7 20 46 27 9
740
8 10
22 19 5 5 28 18 5 41 12 1 25 6 32 7 49 1 31 11 17 35 8 3 43 9 48 44 19 17 21 17 48 22 3 50 18 19 42 5 25 42 6 16 20 28 7 13 47 32 47 32 45 33 19 35 20 37 16 18 24 31 26 16 43 1 42 9 34 11 12 33 42 21 3 13 23 47 48 29 16 43 1 26 27 31 13 24 19 47 10 22 4 8 33 37 38 47 50 19 16 16 34 3 33 2 26 47 28 35 16 9 1 50 5 41 33 19 39 31 13 50 7 29 23 39 14 48 36 34 50 47 14 8 8 9 30 8 23 7 46 6 21 23 48 13 48 43 13 30 14 23 1 44 22 29 24 26 15 45 11 2 2 32 26 31 41 29 10 34 14 30 49 25 41 37 12 29 22 21 7 7 46 14 12 34 13 14 39 38 48 20 23 23 49 31 41 11 23 33 27 2 34 38 34 18 3 3 28 47 23 20 42 10 39 14 32 13 10 17 18 20 22 11 13 23 24 48 11 7 38 23 37 49 31 12 30 7 9 49 23 30 32 21 14 13 43 1 22 27 28 35 25 28 29 8 3 7 18 16 40 38 36 37 14 47 41 48 40 1 33 32 22 1 16 45 9 7 32 47 40 50 11 5 6 44 7 45 20 19 3 32 10 34 10 5 5 22 2 37 49 48 30 7 19 44 5 5 21 40 45 8 38 47 5 12 33 20 29 5 9 44 36 35 23 33 12 3 30 25 42 25 27 2 36 32 21 29 38 36 48 37 44 46 28 35 10 46 45 29 5 40 21 11 2 33 21 48 42 11 24 39 25 5 17 3 47 12 11 44 50 18 26 50 21 41 38 44 26 48 48 26 15 23 7 6 35 35 41 29 19 13 14 5 3 40 49 31 42 13 46 50 4 19 14 9 3 37 43 28 5 50 36 41 2 16 23 36 40 25 37 28 19 27 3 5 24 11 25 36 23 26 13 48 31 2 4 1 29 35 23 10 2 11 27 34 44 2 44 41 44 34 21 33 14 42 23 9 16 7 19 32 10 1 20 13 21 39 26 22 37 16 5 47 10 28 41 45 49 47 41 23 29 17 5 12 1 2 49 23 15 25 16 14 3 21 48 41 48 29 39 33 22 22 26 10 5 27 5 5 12 29 14 6 14 19 41 31 48 12 44 49 1 18 24 5 35 50 40 20 11 50 12 7 7 44 40 45 46 43 29 27 49 34 42 28 18 3 4 26 39 8 7 15 9 15 40 10 50 32 3 10 17 43 47 22 25 36 30 6 39 46 7 23 10 27 35 3 49 21 40 35 13 29 41 4 49 21 11 36 34 49 32 31 17 28 31 46 16 38 31 7 31 22 21 41 48 44 7 22 10 13 9 26 22 29 41 36 7 49 24 26 12 29 12 41 34 18 38 13 6 13 48 32 5 12 35 32 19 50 41 28 48 4 25 5 22 11 44 36 46 24 28 50 30 40 43 7 50 16 2 44 17 47 34 3 25 39 47 49 49 19 44 11 37 38 50 44 33 42 50 25 43 38 41 11 36 46 32 41 32 33 6 28 31 19 22 29 40 36 8 48 31 41 30 45 8 13 44 50 42 34 10 1 34 2 36 19 23 21 16 32 26 16 34 13 35 27 3 12 3 2 24 47 27 37 35 44 46 36 8 17
511
7 9
21 34 12 5 18 23 25 50 47 15 44 21 31 10 31 23 43 21 8 11 24 11 7 29 2 48 35 32 1 42 3 49 27 12 23 24 39 32 34 23 48 28 20 42 28 10 19 21 3 39 49 37 28 13 38 13 5 44 11 40 41 32 38 17 11 7 5 18 42 5 24 43 26 41 39 46 21 27 25 30 50 11 40 20 32 10 46 28 26 31 10 49 38 49 14 5 9 34 39 45 8 6 30 1 42 30 8 8 31 47 15 16 20 37 30 45 34 48 21 36 4 16 22 8 42 46 25 15 21 33 35 34 4 23 36 48 10 29 36 46 8 6 45 2 10 48 50 24 18 39 8 9 29 21 34 7 1 27 46 10 1 18 31 16 37 34 47 13 2 28 20 5 12 23 16 10 7 47 15 35 49 26 43 8 39 49 40 21 1 32 32 13 26 12 20 41 8 38 13 7 21 27 12 41 34 24 14 33 32 15 43 24 45 11 35 9 14 20 44 26 31 3 9 32 3 28 19 17 42 34 47 9 35 36 23 40 47 21 2 49 7 17 47 42 12 24 36 49 16 11 3 40 40 18 6 37 19 39 45 41 9 29 23 5 37 31 21 28 27 5 24 44 44 5 45 31 22 42 5 23 5 7 34 39 12 20 6 14 16 6 43 11 35 33 10 16 50 44 3 9 42 10 32 41 6 40 36 50 49 41 34 1 28 13 14 2 30 4 47 36 2 23 34 11 46 27 43 41 30 31 9 14 4 41 27 22 40 16 32 42 37 15 49 44 42 48 26 31 28 46 4 44 2 31 43 37 2 34 8 23 46 48 20 13 48 50 45 11 28 30 32 21 6 25 16 41 5 14 46 48 8 1 7 50 32 11 6 7 25 50 37 45 14 17 50 24 31 21 43 29 22 27 35 9 1 5 3 45 21 8 1 11 45 44 22 10 25 27 13 45 47 31 16 37 21 18 15 26 39 2 12 9 34 33 44 19 5 1 8 37 25 39 7 16 43 50 23 44 24 46 21 50 27 44 33 20 14 37 32 40 20 33 32 17 14 44 25 37 47 23 21 30 26 45 7 22 36 7 28 7 25 37 8 8 13 28 12 7 33 8 34 4 43 7 25 35 44 44 38 31 6 30 46 46 23 32 15 47 45 11 21
490
5 6
49 9 31 3 21 41 22 24 28 43 7 17 29 24 45 37 25 37 15 14 45 2 38 29 8 43 21 10 48 15 40 23 24 39 42 47 23 47 40 11 27 19 44 17 34 30 24 36 34 49 28 41 9 1 41 40 6 4 50 17 37 30 38 19 6 4 36 36 3 11 4 43 44 32 16 31 34 47 25 2 44 45 21 22 37 42 37 29 14 34 48 10 48 28 6 46 29 31 23 24 33 30 36 25 36 38 49 1 41 29 20 48 20 20 49 37 5 26 7 36 10 7 46 49 45 33 23 8 40 18 4 9 14 41 37 42 31 30 24 31 20 19 6 38 19 50 11 16 30 43 47 48 17 42 43 29 6 2 2 9 18 43 30 27 9 3 10 45 23 40 2 6 24 17 30 45 34 11 47 44 30 50 9 36 48 17 47 48 47 36 15 27 42 30 12 39 6 33 21 10 45 40 47 24 11 12 39 28 38 37 11 33 32 20 4 39 30 36 2 29 28 19 14 49 20 15 45 39 2 35 4 6 31 18 37 36 8 11 3 32 5 24 16 31 24 46 1 37 32 1 36 26 33 20 29 21 14 42 35 10 41 30 6 12 42 16 27 14 6 33 2 39 40 35 6 27 3 15 32 9 3 36 42 14 43 8 30 9 26 32 14 48 23 21 10 38 26 25 7 30 5 44 41 29 43 38 49 1 13 24 48 24 38 2 9 46 46 30 19 2 40 45 46 37 46 29 28 29 8 49 43 32 32 5 35 34 19 47 12 29 40 31 32 17 4 23 3 43 31 25 9 11 19 13 49 49 30 5 48 44 10 39 18 20 17 20 26 19 20 6 14 28 38 41 14 20 22 9 4 13 7 26 24 42 46 18 36 18 29 4 7 6 25 14 23 6 44 39 47 42 1 17 33 38 15 19 37 1 33 36 20 42 20 7 3 38 36 48 15 21 31 48 26 29 16 39 34 48 48 20 40 49 41 16 19 21 9 18 25 20 26 10 20 25 11 23 19 48 38 20 4 17 20 42 8 19 44 25 33 9 49 37 19 47 29 32 5 38 48 37 18 45 45 11 13 50 19 32 10 49 13 14 48 46 42 39 9 47 48 10
422
2 8
5 30 45 16 37 42 13 28 49 34 29 36 10 5 5 20 7 33 37 23 42 50 45 32 27 16 5 19 40 11 8 8 21 41 28 1 5 20 40 20 18 45 8 46 19 36 49 2 39 36 17 1 42 38 33 39 30 2 25 50 20 3 31 14 22 14 32 10 39 36 30 1 43 22 7 1 44 2 4 30 42 30 27 7 23 10 47 7 14 2 16 12 45 38 23 28 29 43 30 35 19 37 17 21 38 29 45 43 13 49 42 9 45 44 30 26 2 6 1 44 41 6 10 48 45 27 42 40 17 8 27 35 16 15 11 30 15 37 4 23 30 36 38 41 30 13 25 47 46 38 27 4 38 20 31 49 2 43 41 12 24 40 21 36 36 14 47 50 43 13 17 16 28 14 42 2 33 21 7 45 37 37 14 15 38 33 14 26 15 38 6 16 33 35 27 44 10 4 17 3 8 49 39 3 33 39 50 36 12 35 7 2 40 38 42 13 24 14 27 24 18 14 23 40 34 24 4 24 37 49 7 24 7 4 6 44 22 4 25 5 27 11 25 43 28 49 31 40 15 7 40 22 31 30 9 12 17 20 46 3 20 21 19 27 34 33 25 50 32 35 27 21 35 4 1 10 23 2 42 42 7 10 33 27 46 14 50 40 50 37 10 29 36 13 14 7 29 46 21 2 28 20 38 48 10 37 44 14 22 6 47 23 5 10 19 36 7 6 14 2 25 31 23 10 13 17 6 8 49 47 35 21 8 20 44 50 19 31 45 25 8 31 48 32 6 26 9 10 27 5 16 14 31 15 23 9 2 29 9 8 30 35 2 33 21 17 20 39 21 1 27 14 7 19 9 7 31 44 30 4 44 2 16 10 26 42 19 16 33 25 30 24 25 7 24 48 33 28 12 26 33 45 3 24 39 3 1 41 5 27 34 10 10 21 12 38 21 13 6 31 20 26
618
2 4
41 15 49 13 21 11 24 37 13 33 13 14 20 21 28 24 48 2 39 42 19 23 48 7 26 14 36 4 18 26 31 2 46 36 1 5 11 14 25 20 29 24 5 27 7 48 12 37 49 44 50 12 32 49 40 32 23 49 38 5 20 16 8 46 15 21 32 35 49 7 48 20 49 44 31 38 16 22 15 33 28 33 3 15 25 7 26 14 11 42 28 17 26 2 25 15 16 9 24 40 22 24 1 21 50 4 5 35 39 24 11 19 9 42 11 33 29 19 8 48 20 30 48 35 15 32 25 43 35 15 31 14 9 33 24 42 28 47 1 39 49 41 33 9 38 24 5 16 18 49 1 23 27 21 3 1 7 38 46 8 48 3 27 10 43 46 34 32 32 14 5 47 12 3 42 41 47 40 21 11 34 30 25 34 34 44 10 38 37 21 44 26 39 32 16 7 50 29 6 47 25 36 49 35 14 41 46 29 6 19 25 42 28 39 49 43 31 8 11 7 21 15 30 35 30 29 3 16 2 31 48 43 3 9 29 35 50 49 11 12 23 12 6 19 16 14 49 30 10 38 47 22 48 32 9 10 23 43 47 43 46 26 22 24 34 8 14 36 29 39 2 10 44 25 15 42 33 42 49 17 39 13 26 34 46 2 9 16 49 41 4 37 1 10 9 18 50 2 13 28 8 37 25 15 41 35 7 28 31 21 10 35 42 39 23 44 34 17 26 39 5 23 14 11 17 25 21 2 23 42 34 17 32 23 24 30 44 49 36 44 31 50 27 37 9 27 18 22 4 40 45 49 49 18 35 39 22 39 44 1 21 23 39 15 45 32 30 13 34 41 14 5 15 1 28 22 26 34 25 45 38 25 2 14 36 27 41 16 13 40 47 11 32 30 1 34 14 26 50 50 11 30 8 41 26 47 35 12 11 31 28 18 29 32 28 18 19 29 6 16 27 43 9 16 37 15 49 32 35 21 18 50 22 41 45 3 15 43 33 21 30 33 40 41 23 5 3 48 28 17 31 42 11 14 18 38 5 9 22 15 37 21 38 5 33 49 28 10 27 19 38 47 42 45 14 9 6 8 45 30 20 45 3 35 1 1 34 45 14 35 8 43 21 22 36 25 33 11 45 36 49 41 20 42 17 24 15 29 39 23 17 29 15 18 6 26 16 33 22 27 11 38 43 49 48 31 43 1 2 36 40 20 2 12 2 5 30 10 46 47 15 39 35 7 35 25 14 42 22 43 14 29 11 15 42 11 14 22 12 25 14 33 32 33 23 1 35 11 45 18 45 10 50 26 38 38 40 29 34 5 38 21 20 6 46 48 40 13 24 35 41 41 41 2 37 15 9 20 9 3 3 13 33 17 4 24 37 36 34 1 29 36 28 24 28 50 29 36
973
2 5
28 48 16 43 6 44 3 3 24 50 42 12 21 22 23 28 47 4 37 31 48 38 15 17 22 12 9 40 38 14 19 2 7 34 34 12 26 50 6 27 43 31 41 35 45 39 34 48 31 43 42 7 43 37 9 20 5 10 1 21 25 37 42 40 27 16 7 14 13 41 5 13 12 40 13 39 10 47 34 14 43 8 22 38 2 40 3 26 22 26 23 28 12 10 28 4 4 46 6 13 10 22 36 50 23 7 29 34 5 42 27 1 9 46 19 34 14 46 25 42 25 42 21 19 37 47 28 21 10 30 19 13 15 23 35 42 7 23 13 28 21 45 48 25 23 50 27 21 6 6 12 13 19 6 49 30 39 42 27 40 23 4 30 12 41 29 34 7 27 41 49 13 21 12 33 33 1 20 10 49 16 14 45 22 29 40 16 31 44 23 12 46 5 9 13 44 37 26 28 49 21 9 34 31 10 4 26 45 3 36 2 2 15 15 13 42 46 14 14 46 16 26 45 16 9 12 5 25 20 19 5 27 45 19 46 6 40 6 34 2 40 4 30 4 20 47 44 12 15 33 17 33 35 39 40 29 30 29 44 22 27 9 21 47 12 18 1 22 14 21 20 16 22 3 48 48 6 12 15 3 36 7 13 22 12 30 36 2 50 50 30 9 2 22 19 25 50 18 18 6 21 18 35 18 29 2 23 28 28 42 41 16 14 28 47 39 29 32 48 30 46 14 14 17 30 7 24 6 31 10 33 49 30 23 12 37 17 33 19 33 13 33 26 29 15 15 38 10 2 1 47 19 7 32 42 30 47 6 23 49 33 49 34 11 48 50 29 44 8 39 36 33 36 15 1 9 41 43 39 24 44 14 24 44 39 8 40 31 25 13 4 37 26 26 10 35 7 19 30 40 9 18 31 49 15 9 31 28 30 26 46 7 26 18 31 29 23 24 11 32 30 5 50 47 30 4 45 46 2 35 40 20 22 42 28 5 21 28 40 15 39 22 30 16 48 13 48 43 2 48 45 19 14 5 46 22 7 28 39 40 6 46 13 15 15 36 27 5 17 15 27 30 36 9 28 45 12 47 46 4 40 27 18 18 32 18 8 33 24 11 37 24 46 31 29 12 2 18 10 13 26 28 45 30 48 32 6 45 50 7 17 11 35 46 47 32 30 46 3 41 37 38 11 2 3 20 40 6 43 47 30 41 9 11 42 38 38 16 32 8 5 40 39 39 25 21 24 2 15 43 14 19 12 48 1 34 21 20 47 45 16 3 23 43 24 8 11 15 29 45 17 11 16 42 18 3 46 6 17 24 14 35 28 9 14 39 44 16 31 40 31 18 39 46 27 21 8 14 27 6 4 19 14 41 11 36 21 35 19 29 4 12 29 14 13 28 26 48 22 46 4 36 19 27 15 29 9 33 28 22 37 36 9 21 50 8 46 41 29 41 42 17 4 7 49 34 4 32 38 37 49 50 11 11 1 29 10 29 43 17 7 9 5 18 33 9 44 44 7 49 23 2 33 23 11 20 33 6 34 32 21 28 25 14 41 27 30 18 16 38 11 15 24 14 39 39 34 17 21 9 9 40 5 21 50 49 15 39 48 48 1 30 21 50 19 6 12 29 29 27 36 20 49 17 35 49 45 28 44 39 20 9 5 1 48 12 22 22 31 19 15 39 27 45 26 50 35 8 19 13 28 18 25 24 20 40 15 10 6 14 29 33 25 27 45 35 21 25 21 28 11 15 19 24 37 4 19 34 3 2 17 29 44 46 29 22 13 48 33 35 24 22 14 11 8 28 39 24 4 23 16 31 15 23 31 27 1 48 50 50 46 44 19 23 28 13 39 34 50 44 28 31 3 49 31 2 44 20 30 33 24 43 42 48 16 12 33 7 43 35 34 49 26 12 50 48 16 34 7 7 43 4 39 5 42 38 4 34 29 23 10 18 32 8 50 39 14 32 10 36 41 37 22 17 11 30 28 25 7 46 50 14 16 39 26 46 8 15 31 21 28 25 50 25 50 22 5 21 35 11 7 10 11 37 9 8 42 23 14 37 14 2 40 49 41 39 38 28 40 45 8 41 17 19 33 36 7 10 31 6 32 42 25 25 7 36 10 39 35 37 12 47 23 27 20 4 22 12 42 17 17 40 20 3 22 41 37 15 50 8 47 20 39 21 4 49 45 27 7 29 18 1 2
961
7 4
47 40 42 30 27 15 3 37 5 22 38 40 21 10 42 39 1 36 46 37 3 14 35 15 33 14 36 11 40 20 27 36 49 48 24 39 26 34 26 26 13 28 35 36 24 21 37 25 47 49 12 32 38 37 5 42 30 46 29 26 8 30 46 17 10 36 38 31 28 46 7 48 50 14 23 24 9 12 26 5 15 17 25 40 35 11 22 36 20 22 13 18 1 30 24 7 41 16 36 8 38 20 2 50 20 38 34 6 9 21 38 38 34 14 7 45 46 45 3 46 25 42 50 23 9 25 10 3 48 20 28 22 36 50 29 7 33 14 10 32 43 9 45 45 36 39 21 9 16 9 24 36 34 6 39 35 45 39 47 49 49 3 23 9 33 47 42 46 39 3 28 4 20 28 12 49 17 22 15 10 21 21 30 21 29 32 36 23 4 7 5 21 14 50 35 43 18 24 30 36 49 37 7 44 50 47 31 15 35 12 25 24 10 13 37 49 8 18 3 20 19 3 49 20 47 49 34 32 23 27 24 44 7 39 11 30 16 25 21 4 12 11 3 46 7 20 6 39 1 27 39 39 15 6 1 18 38 12 23 48 13 9 49 35 35 7 48 46 47 30 31 9 13 41 25 12 28 43 18 21 2 40 20 27 42 31 2 12 13 33 10 31 37 39 31 12 22 7 46 34 34 4 38 49 47 41 4 23 9 9 36 48 38 34 3 28 9 23 15 31 43 37 41 34 20 3 45 38 15 40 35 38 24 26 23 26 28 28 41 45 27 26 38 1 6 34 4 44 9 17 9 46 22 13 50 49 11 47 30 36 18 39 46 24 43 23 32 14 19 44 30 31 16 12 3 47 32 50 17 49 28 37 17 44 26 29 12 11 23 12 24 44 14 16 29 7 46 26 5 48 35 27 7 7 49 7 26 32 17 48 48 48 1 25 37 42 11 45 47 48 19 8 28 31 47 39 36 49 38 27 1 48 22 40 40 34 27 45 31 4 10 43 31 4 20 21 38 15 41 12 3 3 49 32 3 31 16 25 10 9 47 26 38 42 49 13 23 49 39 36 47 24 35 45 29 3 6 4 45 34 43 49 23 28 44 11 25 29 43 12 1 33 6 30 38 28 27 10 19 4 7 39 1 15 25 4 40 20 3 36 32 48 3 22 41 49 27 25 17 17 23 23 38 18 17 6 15 23 48 20 29 44 28 1 27 11 3 23 15 49 47 34 45 20 39 49 34 18 23 15 30 46 33 39 25 32 49 8 36 15 34 32 33 6 37 38 12 40 15 18 12 18 29 24 17 35 3 48 10 33 7 31 6 9 21 49 40 20 14 38 24 10 17 24 15 22 19 32 47 43 21 35 29 24 47 35 2 44 24 18 43 14 7 48 6 25 19 3 13 45 26 8 28 43 31 40 31 12 41 12 44 37 13 35 3 7 8 20 12 22 32 24 35 47 4 21 35 27 16 7 4 7 24 44 40 25 31 19 27 30 40 13 50 37 23 17 48 24 18 25 31 27 46 40 48 12 23 38 8 26 7 15 12 38 46 10 17 45 19 30 14 2 17 20 6 19 40 14 16 43 5 21 2 16 23 14 5 1 39 17 29 27 38 11 34 38 9 29 18 34 11 16 12 7 2 17 15 34 16 41 37 8 48 48 16 19 18 37 23 10 7 33 50 7 26 28 2 41 43 20 41 17 45 48 23 2 26 48 33 20 37 33 36 39 41 23 48 15 46 28 42 21 13 43 1 7 36 36 21 43 31 7 11 3 42 39 24 13 40 30 23 21 25 21 21 16 35 28 22 10 39 41 22 21 48 49 11 30 30 38 40 38 40 2 31 25 6 9 29 25 14 8 48 28 29 38 14 6 6 15 31 17 34 18 37 26 13 6 16 7 19 44 20 32 30 10 35 20 10 22 18 34 37 24 14 13 11 39 42 17 27 4 50 9 1 17 47 43 39 19 38 21 37 14 29 45 46 46 2 42 49 18 48 21 27 36 32 16 42 31 23 32 1 48 37 1 42 37 1 44 21 24 48 33 17 9 49 14 25 49 9 34 22 3 25 38 44 1 35 14 41 16 7 1 34 8 25 16 27 41 31 2 47 17 29 45 4 31 44 24 48 31 22 26 10 23 5 38 38 28 19 12 33 15 25 46 7 45 17 19 5
545
6 3
40 33 6 34 1 9 45 33 12 40 2 41 43 6 11 43 25 33 15 9 29 30 29 41 9 46 20 47 22 5 30 1 1 37 48 46 2 24 9 32 36 5 48 29 34 43 21 13 2 5 32 46 29 35 49 31 11 43 14 7 29 48 1 24 21 41 39 1 22 40 27 3 40 41 38 3 31 20 37 8 49 49 38 2 28 1 38 14 24 25 23 14 15 30 21 32 19 31 43 50 9 3 13 12 11 36 13 11 32 9 6 50 11 23 16 48 50 50 32 7 9 44 31 43 45 39 12 49 36 12 19 17 1 25 38 30 40 3 30 13 37 43 38 23 23 32 39 42 7 35 1 39 21 21 35 31 50 25 27 1 27 19 30 24 6 17 9 19 48 10 24 22 43 12 21 29 14 24 43 27 49 13 17 18 40 15 41 42 14 44 29 18 4 39 15 42 44 2 28 24 22 29 7 28 40 40 18 24 47 41 15 25 11 39 11 30 17 40 9 23 46 46 48 14 20 6 43 4 6 48 49 37 14 8 42 31 50 21 41 22 50 15 4 27 25 2 34 47 23 17 34 30 34 49 24 11 2 8 28 27 12 13 18 28 27 9 14 26 5 11 36 15 26 30 31 49 10 31 29 45 34 44 27 48 18 15 43 29 42 11 39 34 8 15 13 25 20 34 3 38 25 4 47 19 48 34 16 50 37 36 4 16 17 34 37 23 15 26 39 28 21 41 17 18 2 13 15 26 4 49 20 47 41 27 40 44 1 46 18 44 37 41 49 26 36 46 12 38 5 6 47 20 38 4 24 18 24 24 18 11 8 6 4 37 17 20 16 22 34 21 28 24 43 30 6 35 31 31 3 18 27 21 29 11 40 41 11 12 49 34 45 38 31 21 49 23 45 25 30 16 31 23 48 6 13 37 12 19 11 8 31 48 20 6 34 48 46 24 25 24 37 5 26 18 19 25 22 37 21 19 34 44 43 48 45 5 28 22 12 31 7 7 4 50 38 11 2 15 17 6 22 29 30 24 49 49 21 36 6 21 31 12 2 33 10 1 5 36 10 9 3 32 49 14 29 12 5 4 41 49 24 40 7 27 12 44 21 26 24 25 17 10 3 12 6 28 18 19 17 26 27 25 10 8 9 7 29 13 44 26 40 7 27 6 17 36 41 31 38 39 23 9 26 20 41 36 46 31 11 7 42 12 50 12 35 44 3 47 17 26 1 30 21 39 27
472
10 1
35 31 40 22 5 20 22 44 20 29 3 19 47 25 33 11 29 18 34 12 25 32 17 37 32 18 16 29 37 7 23 2 27 14 5 26 38 50 44 34 8 19 20 9 35 31 19 6 47 26 19 29 33 23 18 24 37 38 41 25 48 4 33 28 35 25 34 47 7 46 22 46 41 34 49 17 19 12 46 13 27 14 50 13 46 10 32 30 28 10 33 4 25 35 10 48 33 11 23 26 9 17 5 33 42 7 16 25 32 43 41 14 16 32 29 39 39 6 36 38 13 49 46 21 28 17 17 11 9 24 26 12 3 13 21 35 42 3 25 17 1 26 31 38 37 38 10 47 20 26 9 33 33 2 16 31 10 29 19 18 7 20 18 27 12 27 9 14 19 18 4 5 18 2 20 19 10 40 40 5 40 14 23 7 18 13 4 1 22 23 36 44 12 8 33 21 22 24 50 19 30 4 4 36 18 41 34 23 24 26 23 19 18 31 8 45 19 30 38 13 13 15 39 10 24 41 47 12 6 30 4 11 31 18 37 17 26 24 34 29 49 39 26 49 32 1 32 45 45 38 30 35 28 36 11 11 15 41 9 16 27 11 1 7 38 10 21 26 1 34 18 35 13 13 31 19 24 29 45 48 11 50 28 31 9 47 41 24 29 34 49 17 14 50 47 48 6 4 9 5 48 38 16 26 18 6 12 1 29 1 3 34 29 18 5 10 31 20 30 8 16 20 41 25 30 26 16 20 17 45 23 32 42 43 22 49 18 8 41 11 5 33 8 50 21 36 18 47 3 50 38 20 18 36 38 29 49 35 28 8 43 42 31 40 10 29 49 25 36 26 10 47 6 33 42 21 33 36 31 2 6 44 31 6 18 15 14 24 44 4 45 10 44 41 28 37 20 16 40 5 42 15 48 8 42 18 13 40 9 19 32 50 23 32 40 30 10 41 39 8 9 15 7 19 50 36 34 19 35 48 6 42 28 25 44 18 20 3 27 32 15 20 23 15 38 40 46 35 22 44 37 20 12 16 2 20 1 39 41 23 30 30 3 45 28 37 28 46 12 39 10 8
954
9 9
41 19 28 15 3 21 14 42 18 46 7 44 20 18 11 36 3 3 37 25 36 42 40 6 25 45 36 32 8 25 17 43 25 4 22 41 14 17 49 17 20 22 50 6 45 19 1 21 18 7 42 2 6 43 13 45 17 9 14 41 4 12 42 26 14 12 13 17 44 12 13 32 49 6 13 23 49 2 8 42 8 44 1 24 16 50 23 46 40 48 26 47 3 26 25 34 38 27 40 3 39 21 9 31 49 8 32 27 41 25 17 7 16 11 17 36 17 5 18 20 31 1 22 23 20 33 49 17 21 32 12 6 17 22 26 48 39 40 25 29 3 7 18 34 20 39 2 7 21 43 43 32 1 40 31 12 23 8 9 46 39 21 17 41 29 12 35 23 24 2 27 2 17 20 47 49 29 43 22 45 14 38 19 32 44 38 21 37 44 25 14 10 50 30 28 18 17 5 32 31 24 25 24 28 6 23 4 29 6 34 21 40 27 12 37 37 20 47 3 49 46 32 48 43 33 42 43 43 32 33 6 50 22 45 36 5 30 6 29 16 9 19 33 11 30 39 23 2 32 43 12 41 45 24 46 16 10 3 25 9 22 36 2 2 21 4 19 10 25 28 49 35 37 39 19 24 15 11 40 27 5 13 3 25 31 1 47 45 3 5 2 7 3 46 9 31 1 19 27 9 7 9 40 25 15 16 4 13 2 20 40 10 4 27 1 25 9 14 31 36 13 37 25 5 34 27 44 42 1 31 26 34 19 31 11 22 20 47 12 15 47 36 7 34 20 9 14 49 45 1 47 41 1 12 7 15 29 45 15 33 14 15 23 16 21 26 39 15 7 28 24 35 19 49 27 10 29 18 21 23 49 12 39 34 20 45 46 23 30 50 25 3 35 35 8 16 19 32 48 46 24 46 28 41 17 21 48 34 38 41 18 7 48 27 33 21 2 13 26 4 9 39 41 36 28 46 41 20 2 43 19 33 23 15 49 5 14 1 9 18 30 4 19 49 36 6 35 15 8 27 38 5 31 20 38 11 46 41 14 40 8 5 6 42 1 24 1 37 48 17 4 35 15 33 31 46 43 39 19 29 27 18 30 6 50 32 39 43 28 19 15 19 40 24 26 29 9 33 33 32 33 30 46 18 28 37 49 44 12 20 28 42 37 44 2 9 20 41 6 10 40 4 1 39 26 20 11 30 30 46 6 47 13 44 26 44 22 48 31 29 41 30 20 4 9 22 10 49 26 42 28 35 41 32 30 41 36 40 31 16 15 46 41 12 42 8 25 15 17 12 34 18 48 33 42 33 40 2 38 25 40 13 20 30 11 8 10 10 8 5 31 22 4 35 23 34 12 50 23 21 40 16 28 32 34 46 23 14 6 47 48 21 48 1 29 35 25 35 47 41 14 35 35 49 47 37 48 41 39 3 3 7 32 42 38 35 41 9 50 45 16 43 42 35 43 11 12 11 14 26 47 33 39 47 5 17 15 36 5 1 18 48 3 18 25 19 42 41 33 33 30 31 25 49 47 47 47 41 5 47 13 30 7 39 5 35 4 46 47 44 34 47 27 1 19 35 50 1 47 32 40 46 21 17 45 5 25 50 50 12 29 48 45 40 31 12 9 20 17 21 6 4 13 27 34 34 9 18 22 39 4 13 20 27 50 27 21 20 38 25 19 37 24 2 38 13 15 7 39 32 2 46 13 8 48 36 44 15 28 15 33 37 19 21 28 33 10 4 6 4 49 10 34 48 24 33 35 33 17 3 31 20 49 20 36 8 7 14 3 8 34 40 50 32 38 6 11 36 24 26 49 34 35 33 37 5 23 17 41 14 41 24 36 28 10 18 6 11 37 41 19 19 24 12 48 37 42 32 7 13 7 4 22 47 16 32 8 10 9 34 2 29 10 3 30 14 44 36 2 36 8 6 41 16 30 10 3 39 2 6 24 47 39 32 28 20 11 34 12 17 3 10 22 46 12 33 37 32 22 33 46 18 36 38 35 41 48 9 40 13 4 5 14 32 35 33 44 48 14 34 21 25 17 8 20 8 11 39 41 50 20 3 29 27 11 45 35 48 37 42 6 38 37 41 29 26 26 4 26 22 32 12 39 35 12 36 26 23 49 37 25 36 46 40 40 36 19 29 42 26 43 39 28 43
880
10 6
19 29 3 21 25 49 19 29 35 29 47 4 28 10 29 19 34 17 17 27 48 31 29 38 2 39 18 37 37 35 30 42 21 1 47 42 12 8 1 31 46 12 42 22 41 30 15 11 44 23 27 11 20 7 31 1 40 39 43 9 29 31 18 40 3 9 32 25 26 14 20 24 50 18 33 49 9 3 7 2 8 33 35 41 50 35 36 46 3 49 9 6 37 26 13 28 16 39 30 19 21 1 43 36 22 3 7 8 17 46 50 4 3 50 27 43 22 3 34 37 19 27 27 13 18 5 37 22 22 30 2 21 12 31 6 11 2 1 42 36 32 13 2 11 11 40 39 46 35 3 5 18 1 2 38 13 10 49 40 50 22 39 45 11 25 47 50 1 25 43 28 15 47 2 18 6 23 28 29 37 14 23 16 37 47 12 32 35 32 15 48 7 23 34 40 40 47 14 1 22 21 46 37 4 45 28 40 33 23 7 15 18 12 4 49 33 12 10 1 38 42 25 18 30 3 21 45 1 50 50 33 7 44 6 49 46 19 33 42 6 34 14 25 36 16 4 21 38 26 33 29 36 15 24 15 24 47 29 46 13 21 24 17 28 16 9 40 24 42 8 45 38 6 30 50 40 8 21 39 28 35 20 26 39 26 4 19 19 37 18 35 6 30 17 30 16 35 37 3 40 41 47 11 11 20 36 6 45 36 15 49 48 33 23 8 30 38 35 31 31 31 9 4 14 3 7 2 11 25 15 47 50 48 32 21 3 31 39 26 23 43 2 9 28 24 17 12 4 25 11 19 50 23 47 25 23 49 31 23 27 20 22 24 2 35 49 49 10 13 19 21 48 32 35 17 12 10 8 48 2 21 10 7 21 42 5 37 34 39 41 44 5 20 16 36 16 9 47 31 39 21 41 47 24 12 14 12 17 27 38 5 27 9 23 16 18 10 33 10 3 14 18 39 3 7 21 19 33 40 18 11 27 40 32 45 34 27 35 21 11 1 45 36 47 10 36 48 11 4 38 37 32 43 22 45 3 35 7 49 16 10 25 35 41 30 16 7 38 50 14 42 38 42 9 31 49 31 29 46 11 42 42 41 18 19 35 32 41 10 13 44 31 31 12 39 9 49 38 13 2 33 43 17 35 19 49 3 46 29 4 29 24 36 49 4 48 1 2 44 12 48 46 23 19 44 37 17 6 46 32 41 47 14 35 28 46 20 29 30 32 34 45 38 20 49 33 26 15 3 17 20 30 5 12 9 6 41 49 23 13 30 12 29 14 8 42 8 27 46 46 25 28 28 17 50 19 25 13 42 22 5 2 25 39 28 1 2 31 50 8 41 44 35 48 17 36 41 22 16 22 41 31 17 47 8 32 30 44 21 33 29 13 34 37 37 6 17 29 32 49 10 12 21 9 21 22 12 2 49 11 10 28 36 29 37 29 15 46 23 29 29 3 22 34 19 18 18 25 35 49 45 31 6 35 45 12 50 35 13 16 11 5 50 4 9 1 46 17 26 5 30 16 27 42 1 24 45 33 49 16 45 8 9 28 35 45 20 1 47 11 29 32 16 1 3 39 45 47 2 28 23 41 10 28 25 27 14 44 42 11 12 2 11 36 4 6 44 38 28 25 24 31 38 13 9 50 24 33 49 4 1 30 31 22 39 47 8 38 2 25 33 38 22 9 38 25 45 31 40 20 17 47 44 12 22 7 11 50 25 40 37 17 45 24 18 31 38 32 46 19 16 12 3 41 3 45 1 20 18 22 22 42 16 49 3 37 32 26 26 12 38 4 12 28 17 5 20 50 30 17 28 22 44 13 33 39 23 29 34 39 10 22 47 28 47 5 44 9 6 14 20 31 6 30 15 50 13 1 48 9 6 4 43 46 12 13 43 27 25 15 1 35 8 18 6 10 36 35 35 12 5 26 46 9 29 35 14 45 8 29 32 50 17 45 41 28 10 41 34 19 11 19 16 25 32 29 29 13 5 37
0