5
1 1
3 7 1 9 12
3
10 1
11 13 17
2
2 3
6 3
4
1 4
1 4 6 11
5
3 2
3 4 6 2 9
26
6 8
18 24 26 8 24 15 34 26 35 48 48 8 8 16 12 30 22 3 12 46 21 11 26 9 27 23
33
4 9
42 45 38 32 12 31 44 16 2 50 24 19 44 8 31 48 30 39 35 49 27 41 25 2 25 15 32 33 13 21 49 7 10
52
2 6
24 43 47 16 47 14 39 22 36 33 25 42 38 30 47 30 37 37 16 33 2 21 47 29 10 13 47 34 46 40 34 1 7 43 33 32 28 32 13 42 19 11 1 48 36 13 19 38 39 23 48 23
69
10 5
34 21 18 44 25 22 41 44 3 38 16 31 16 14 49 11 40 40 36 23 8 29 29 47 43 22 9 4 3 6 13 40 27 14 27 45 42 42 48 25 43 5 6 33 20 28 2 10 31 2 40 48 1 37 33 41 20 15 31 11 50 19 38 6 30 40 29 25 41
92
9 2
35 38 20 15 14 21 17 34 24 29 5 21 7 30 18 5 30 33 15 2 16 50 13 27 5 28 14 46 33 32 42 23 33 7 42 49 47 8 21 2 33 50 16 47 50 28 27 22 25 42 5 21 38 34 14 50 32 41 49 44 17 30 20 3 44 14 9 10 29 29 35 13 33 13 18 7 49 5 7 26 10 43 18 23 29 14 42 12 5 38 14 22
83
4 4
11 37 15 16 24 2 20 5 31 20 15 16 8 20 47 13 49 25 50 22 22 8 33 22 5 1 9 34 16 34 40 44 45 4 7 3 35 17 9 33 2 44 43 3 10 17 6 47 48 24 50 31 39 13 33 13 24 29 1 25 22 7 47 21 43 26 30 43 12 17 1 42 21 6 48 12 50 10 6 49 27 34 44
92
2 10
27 48 48 25 32 36 17 35 46 16 49 2 47 50 6 14 6 1 29 5 16 27 47 39 46 47 16 26 2 32 33 43 21 4 41 34 26 12 44 21 30 27 32 13 14 23 26 11 30 6 38 20 10 17 44 16 13 23 14 45 44 3 10 22 8 8 13 8 31 17 22 25 19 19 42 44 49 20 37 49 11 19 35 31 30 42 3 10 5 12 9 21
75
2 3
26 25 1 48 47 32 25 28 42 49 8 12 28 37 1 23 30 44 11 34 46 25 46 27 15 23 18 21 18 25 17 42 45 44 48 16 6 45 28 26 23 35 44 1 8 20 35 9 15 17 38 2 22 39 49 11 29 28 23 40 41 2 11 50 32 26 50 6 49 2 14 49 32 12 20
258
1 4
34 19 22 25 1 47 35 12 38 36 8 50 33 4 8 36 33 17 47 18 13 2 2 1 11 9 15 3 12 7 25 43 23 27 47 48 7 34 1 39 49 16 21 17 8 31 3 45 47 19 17 34 22 5 34 13 5 26 6 12 24 17 21 30 39 14 23 33 21 14 38 39 22 3 44 35 20 41 43 44 1 41 34 35 26 28 24 16 39 35 28 49 49 1 27 50 49 41 48 42 45 7 11 44 44 8 39 45 33 11 42 40 47 4 15 37 16 3 17 43 5 16 4 46 41 39 5 1 12 50 11 1 32 24 40 45 34 44 49 35 7 47 19 50 48 2 47 26 26 5 49 49 6 47 37 46 33 3 29 28 3 46 46 28 31 7 2 8 42 32 47 18 45 11 21 15 35 38 15 2 10 11 17 31 45 32 48 47 37 48 6 16 26 1 22 11 18 6 8 1 23 44 14 41 48 24 16 25 31 19 38 34 39 42 43 9 8 47 17 8 37 24 22 14 35 36 29 31 49 18 38 42 36 33 35 4 14 46 11 1 22 24 29 14 10 4 17 40 22 24 31 27 21 47 2 33 33 42
513
4 9
12 20 4 28 29 29 26 27 19 28 8 29 31 27 1 18 24 44 43 49 36 3 32 19 15 38 47 31 29 20 6 3 40 6 45 19 3 48 44 36 6 41 32 11 17 11 50 13 6 1 5 37 16 10 5 33 3 38 40 7 12 26 30 4 45 13 29 11 19 49 37 17 20 12 36 11 40 45 41 10 16 22 13 23 33 41 20 9 20 25 44 6 34 50 46 20 27 4 49 23 39 13 12 5 12 9 35 3 11 50 28 17 18 7 21 16 22 33 10 29 7 12 29 37 24 8 26 47 2 27 9 31 26 6 19 41 36 12 49 36 28 32 12 12 42 41 30 13 5 30 28 33 27 19 22 29 31 1 3 34 3 14 43 50 35 35 38 48 38 5 21 29 30 28 38 37 39 40 25 22 15 31 3 47 46 42 16 43 11 21 15 48 11 29 1 11 14 15 4 39 24 32 19 38 18 37 9 23 50 8 5 48 7 49 24 11 14 2 1 6 25 35 26 19 46 30 15 16 12 10 23 38 20 2 5 38 32 13 13 4 27 42 47 16 23 16 22 16 30 43 45 34 20 10 5 10 46 12 28 32 23 14 49 44 46 35 37 18 1 32 27 3 34 16 1 3 33 27 30 36 9 23 4 32 12 12 43 7 22 35 45 18 10 10 1 11 31 28 43 4 17 18 15 7 40 2 19 4 30 49 23 23 45 25 38 11 21 29 1 10 34 35 10 35 2 46 41 1 15 7 29 42 25 45 44 25 2 22 9 11 3 21 18 21 2 29 47 10 4 1 24 24 34 43 37 50 20 6 24 26 22 8 5 31 9 49 26 23 28 29 38 25 14 4 26 38 24 21 11 14 14 38 20 41 5 25 46 18 47 46 33 46 22 13 41 9 45 28 14 43 32 32 1 35 6 32 20 34 8 30 5 33 39 10 4 13 2 49 20 50 45 11 31 18 10 2 5 20 15 24 41 11 28 1 40 16 8 7 24 30 11 18 24 38 16 45 18 30 39 22 31 16 26 40 33 48 49 44 24 30 24 13 26 15 11 48 24 9 22 10 42 14 1 5 24 35 41 9 9 24 34 50 1 45 50 46 10 30 1 38 14 14 37 37 32 25 22 9 39 18 12 32 19 22 6 27 18 10 46 30 30 1 35
863
7 4
34 3 7 18 27 30 48 18 11 14 18 41 9 34 35 32 35 38 49 35 5 5 7 29 49 33 6 19 33 14 43 24 6 48 49 2 41 48 2 39 3 8 21 26 16 41 26 15 36 3 3 32 12 19 1 24 8 28 21 19 29 3 4 36 33 44 49 31 21 22 10 46 25 41 10 18 16 31 10 29 27 19 10 3 3 17 17 50 41 1 14 41 43 24 50 8 22 4 16 7 24 36 25 10 14 30 24 23 25 45 28 20 21 30 12 43 45 22 45 43 18 13 4 37 38 20 23 9 1 24 7 50 10 37 19 6 4 44 42 49 17 3 10 34 25 31 6 38 3 6 19 24 7 21 22 40 32 25 7 44 38 42 35 34 16 49 6 18 32 31 35 10 11 33 43 42 15 23 36 34 13 39 6 16 26 11 17 4 13 17 38 35 30 32 19 21 1 49 40 41 11 4 39 23 8 27 26 14 9 39 49 46 21 48 14 11 38 42 24 22 6 1 48 5 12 44 43 43 33 13 36 50 11 7 11 30 10 30 17 39 28 4 2 12 48 27 50 44 33 1 7 43 45 47 21 24 10 17 34 33 36 17 39 42 9 33 19 5 17 14 1 30 43 22 8 31 21 42 16 17 24 45 12 45 28 27 21 9 19 2 42 17 48 30 33 46 21 45 16 46 38 47 50 5 18 14 2 30 14 22 40 28 20 16 43 30 50 41 5 4 50 41 8 35 28 12 14 42 44 4 30 35 16 22 2 37 1 19 13 36 27 33 50 12 21 1 44 41 50 41 27 40 15 13 30 2 36 27 12 49 37 41 40 14 45 49 3 20 31 27 2 32 9 3 37 18 40 13 18 50 2 8 42 38 32 42 47 17 38 45 15 36 43 26 40 42 31 50 37 20 25 27 7 38 32 33 7 12 21 2 50 49 10 15 12 40 22 11 32 28 6 48 34 44 41 9 22 39 43 17 33 43 9 38 3 47 46 45 17 17 26 45 41 48 39 44 43 37 16 3 40 50 44 43 38 18 29 43 45 17 37 33 27 21 34 14 18 49 38 23 13 20 47 35 31 47 28 43 34 14 4 27 44 25 36 25 33 21 47 1 28 27 33 32 20 35 1 12 15 26 36 48 43 18 18 17 13 16 19 44 1 50 11 44 21 49 41 42 34 5 31 36 32 12 26 2 13 43 46 1 36 6 48 10 19 40 41 39 43 15 50 49 25 40 38 10 48 20 9 20 49 47 16 45 16 12 21 8 24 42 2 37 50 40 46 27 12 41 33 15 38 15 5 47 13 6 5 23 30 33 34 27 17 8 34 2 19 32 36 12 50 7 13 3 15 36 12 37 40 37 47 16 16 50 3 45 35 1 50 50 38 24 33 3 36 3 8 10 30 24 3 13 44 37 37 50 12 3 48 6 48 19 15 4 36 30 47 21 29 26 22 40 41 15 11 27 7 39 14 26 35 3 46 27 36 37 28 26 23 14 11 31 15 30 13 43 17 40 11 9 25 20 32 28 44 10 8 7 10 26 35 50 42 49 14 16 42 17 26 18 29 38 9 39 21 37 45 29 18 33 39 29 45 40 12 19 8 41 18 7 11 41 2 34 38 47 28 16 38 28 25 37 17 20 26 26 27 25 3 21 37 19 40 27 23 17 32 21 40 23 7 24 36 23 19 49 20 34 42 35 36 37 40 41 8 34 13 26 22 31 1 30 30 1 28 46 31 18 43 45 16 46 46 40 31 29 11 43 23 20 14 14 35 15 12 35 23 7 38 35 34 31 20 13 38 5 23 48 2 19 8 16 5 30 30 44 44 46 28 42 1 47 45 24 46 23 43 46 39 35 21 9 5 44 47 22 50 4 42 41 45 29 16 4 48 25 39 36 33 44 13 38 13 19 23 1 25 23 1 5 29 40 27 17 22 23 2 10 10 32 42 36 8
589
1 6
32 11 7 18 6 22 14 29 22 24 42 20 7 24 26 28 36 14 31 20 32 18 27 40 10 6 27 23 36 31 19 7 13 8 3 35 27 28 39 49 39 37 8 34 47 41 12 2 43 42 50 3 1 31 12 2 41 19 25 10 16 22 35 29 30 21 19 33 18 4 20 36 28 2 5 20 41 23 13 14 10 42 1 38 43 17 17 37 16 17 1 2 38 8 38 11 39 10 47 50 9 34 44 48 9 47 9 44 12 15 34 32 18 50 14 43 32 22 6 14 4 20 47 27 29 33 45 28 13 27 38 38 46 26 38 29 27 34 29 8 2 37 32 29 33 42 33 22 37 35 50 9 45 31 20 7 47 44 22 48 27 38 1 45 8 35 21 4 15 38 13 50 37 38 41 18 20 42 20 10 15 23 9 49 4 21 5 33 8 36 41 14 10 27 18 2 47 31 50 26 18 7 47 47 23 18 45 35 35 27 33 44 44 50 42 11 37 50 47 17 32 23 17 35 17 3 45 8 18 15 43 9 21 13 45 34 19 25 39 3 43 13 25 29 23 27 8 10 29 9 5 27 1 10 6 1 40 14 5 18 29 6 3 22 28 26 18 32 21 31 38 21 50 28 12 43 44 23 39 16 26 30 44 16 43 36 13 33 15 6 1 40 15 48 4 3 1 14 49 23 36 22 13 35 45 32 6 40 21 33 38 9 27 8 43 48 42 2 41 34 45 37 13 24 46 26 31 25 5 4 26 10 34 15 30 20 38 13 18 32 28 50 27 3 1 5 27 35 4 1 6 14 40 33 27 14 4 14 37 19 47 35 48 46 41 50 27 49 36 41 37 12 23 35 8 11 45 14 29 48 13 12 39 2 42 16 48 41 43 16 6 17 38 27 37 13 2 50 31 21 48 36 17 28 12 1 45 33 4 50 23 39 33 47 12 9 18 3 48 34 25 50 25 48 40 13 13 29 49 6 15 34 43 39 40 36 41 36 22 33 9 3 42 4 10 23 50 5 28 38 21 16 24 24 20 45 32 16 31 40 17 38 39 13 16 26 49 43 44 49 19 30 31 19 1 47 16 17 4 3 13 47 12 17 18 47 48 3 22 44 35 38 44 21 4 29 18 1 40 49 19 5 16 47 3 41 25 30 35 20 30 24 7 10 36 33 9 49 38 29 32 24 24 26 38 45 14 20 8 21 39 22 44 26 9 11 2 41 12 38 5 11 10 45 40 29 7 38 5 19 17 49 49 28 23 2 1 36 17 21 44 37 27 14 41 25 12 7 22 31 20 10 37 31 39 31 23 7 31 41 42 4 28 23 35 11 28 45 14
662
3 5
17 42 7 33 16 20 26 17 3 29 37 31 23 47 34 1 32 27 19 15 21 46 30 17 39 30 49 16 8 26 25 35 44 3 41 3 30 43 21 21 2 40 7 11 22 23 14 39 4 33 38 38 15 8 24 25 37 17 7 35 28 17 44 1 34 37 19 42 40 21 49 41 21 50 45 31 20 42 21 30 31 17 35 13 15 39 35 6 44 12 22 5 6 1 39 26 47 37 48 17 9 31 42 28 50 20 26 24 36 3 44 18 26 9 23 17 3 13 9 15 48 40 38 1 2 49 17 41 30 33 18 16 30 3 22 33 44 43 47 27 21 35 11 28 25 36 40 6 24 20 34 33 26 17 8 17 44 46 42 2 46 25 28 39 33 23 13 50 11 29 9 32 11 33 25 25 7 33 10 12 49 36 38 49 1 10 24 8 46 6 21 42 11 4 45 4 18 50 25 34 36 35 13 14 28 8 4 43 34 37 8 27 8 15 7 36 32 41 45 40 50 9 18 48 22 1 16 31 26 2 48 10 50 40 37 25 43 27 25 37 37 40 22 27 19 20 47 35 11 27 18 7 20 49 15 23 37 20 6 31 8 31 2 19 33 45 23 26 42 3 23 40 33 6 30 15 42 36 8 32 20 49 14 2 30 45 6 12 48 36 44 40 46 50 3 48 34 12 10 37 49 13 14 45 24 21 21 5 36 21 22 32 16 29 20 29 36 27 35 31 49 10 1 32 34 37 47 39 19 41 14 7 7 27 22 47 29 6 31 25 2 35 45 28 26 50 13 37 4 21 26 1 12 33 20 3 44 12 42 45 15 40 7 23 13 35 3 17 14 31 29 29 2 4 1 30 4 41 8 7 36 16 41 28 47 4 30 25 49 43 16 7 4 22 49 1 15 36 7 12 38 20 49 11 24 26 50 21 11 31 10 24 16 32 36 6 12 41 4 11 4 3 37 38 25 43 11 15 49 8 28 40 44 16 4 20 34 46 36 38 5 50 40 33 27 13 11 43 31 16 15 18 7 20 24 15 25 37 1 8 12 19 8 10 35 12 24 4 21 26 36 26 2 17 47 34 49 31 32 32 46 26 22 38 34 36 1 26 18 11 39 28 12 42 38 17 34 47 12 25 14 3 16 4 48 45 20 28 46 5 13 35 18 44 16 12 8 34 47 48 45 14 34 23 38 15 23 32 25 32 13 31 5 5 37 17 7 30 13 31 9 32 18 48 33 1 45 37 24 10 50 9 40 3 47 43 41 26 35 20 18 33 18 26 45 44 49 12 23 1 27 47 39 43 26 16 48 46 30 33 24 22 39 25 39 38 17 32 10 14 29 17 41 24 46 5 44 43 45 19 37 19 16 8 18 8 47 36 36 35 39 43 22 17 32 2 7 18 31 34 6 21 44 22 3 14 16 2 34 40 25 27 24 4 41 23 26 24 28 40 27 12 37 16 22 19 9 36 11 4 34 37 20 43 38 14 2 39 21 29 48 49
902
7 6
37 43 18 31 44 43 25 17 21 8 14 13 16 21 41 34 45 50 22 43 26 50 42 29 32 31 23 32 47 22 24 20 45 31 5 41 20 6 2 14 32 25 26 44 16 17 2 48 9 16 43 35 21 5 8 28 46 13 44 37 5 20 14 41 38 36 19 11 47 10 38 20 5 18 5 48 36 29 21 2 15 9 44 28 34 7 7 4 35 8 43 49 11 37 11 37 43 28 43 34 50 34 1 39 7 24 11 1 3 39 22 11 2 37 2 39 37 17 13 4 45 41 46 14 46 12 39 24 35 43 29 11 26 21 7 11 12 27 9 40 8 7 45 18 34 28 40 1 15 10 4 14 16 25 34 49 2 30 43 35 15 1 44 30 7 16 14 23 34 2 46 3 30 14 46 46 5 48 31 34 5 33 12 44 4 28 25 45 8 13 19 7 32 24 32 7 50 44 18 20 18 25 14 40 2 11 14 4 30 47 8 47 7 14 50 35 2 46 36 34 26 26 15 14 9 40 7 29 46 13 36 12 32 44 46 3 50 43 15 24 37 21 7 6 42 16 26 9 20 23 44 11 43 33 17 18 7 45 5 37 15 21 24 19 48 29 28 38 14 31 33 13 16 10 39 10 34 47 1 34 16 28 36 20 28 7 29 28 6 35 28 1 5 22 26 16 21 6 2 33 49 30 18 2 43 40 43 45 40 6 12 33 21 26 47 35 40 48 13 46 40 34 31 29 35 6 36 23 39 41 49 49 10 49 12 48 23 10 48 32 19 43 42 21 35 6 45 32 36 1 35 21 42 37 28 32 7 6 8 24 38 8 34 5 22 42 40 16 48 40 31 32 24 45 32 24 2 9 11 21 14 35 18 42 49 4 18 1 37 25 5 8 26 47 3 18 13 7 14 3 2 33 10 1 45 9 8 28 17 13 46 2 38 21 10 17 15 26 24 23 17 28 45 22 36 8 45 14 46 31 22 18 2 19 20 4 29 18 45 11 44 10 38 14 45 26 47 26 31 31 37 24 41 45 4 46 31 42 35 27 28 47 30 36 36 13 18 19 47 47 47 44 35 42 8 46 42 39 30 41 16 10 38 20 23 18 50 38 24 19 8 50 35 34 40 50 10 47 47 20 35 5 18 8 11 38 46 23 42 33 16 45 37 49 29 44 21 50 25 45 23 6 15 26 46 2 47 22 27 14 44 28 34 37 25 1 20 50 3 27 18 3 39 34 28 15 21 29 49 9 13 37 38 5 47 43 22 20 33 23 17 47 36 2 13 6 44 47 38 41 11 6 10 26 34 6 27 7 3 18 7 50 31 5 37 11 4 17 4 2 8 47 18 4 15 1 26 37 12 43 24 31 46 9 13 23 21 39 18 5 14 21 31 42 35 37 49 32 37 43 2 6 4 46 45 35 4 25 50 9 22 18 26 37 45 18 30 21 26 17 26 37 21 16 31 21 43 43 3 17 49 8 3 5 43 47 12 8 4 40 34 47 46 44 42 13 42 4 45 25 2 10 23 49 36 29 40 29 3 30 38 25 21 42 32 29 32 36 3 21 31 24 6 42 4 13 35 3 20 22 8 42 1 45 5 35 32 27 44 39 5 11 42 4 10 24 3 20 13 20 22 16 35 45 31 13 9 47 43 37 39 40 42 14 12 8 11 17 10 23 39 26 22 18 43 6 32 29 4 1 48 24 16 29 49 17 14 18 41 5 6 31 9 7 23 40 48 31 9 3 15 44 46 3 2 1 21 41 28 27 10 13 13 42 15 2 41 35 12 48 24 50 26 35 12 41 23 36 48 33 37 24 44 31 34 25 27 19 26 23 40 28 19 39 14 38 49 21 28 39 23 4 16 10 42 45 45 24 14 11 33 18 14 9 1 34 25 33 45 42 25 46 42 17 39 6 33 50 29 17 49 48 22 33 39 23 16 47 34 13 6 31 11 4 42 46 17 39 6 48 46 23 4 8 34 47 30 50 25 39 5 42 47 37 14 3 15 46 44 33 22 41 45 9 11 39 29 8 37 50 2 28
950
9 5
41 36 20 26 14 38 50 2 22 6 47 21 1 36 28 20 6 38 39 17 39 27 14 8 18 31 30 4 21 2 30 3 3 27 5 5 6 31 38 2 7 3 39 24 27 34 14 20 24 47 5 43 29 44 37 50 7 5 42 40 34 37 19 3 15 37 14 39 44 41 7 2 4 47 17 2 10 2 35 7 40 36 11 39 20 21 30 19 38 10 7 35 2 43 29 34 34 6 35 9 26 17 34 4 11 6 1 46 15 29 33 24 6 7 13 6 1 11 22 40 33 43 24 26 26 11 8 2 45 25 16 31 23 10 34 2 36 49 1 27 20 20 19 40 41 15 41 1 12 25 50 37 17 44 28 16 37 36 50 3 34 28 7 11 10 49 36 38 2 28 28 41 38 17 29 27 48 30 29 28 42 13 31 4 46 43 29 36 5 49 44 24 31 21 32 7 31 37 4 24 49 7 10 39 24 11 44 46 26 36 11 8 28 31 35 38 34 29 9 29 19 28 1 9 47 46 13 46 33 16 5 7 2 31 34 46 14 5 37 46 38 2 9 20 26 35 28 32 23 30 40 29 40 44 22 4 22 20 34 46 46 17 49 41 43 10 26 13 9 9 23 17 25 40 9 15 46 50 7 36 44 16 11 1 6 42 20 21 42 29 21 26 12 11 33 44 32 5 10 37 21 32 12 3 38 6 6 50 5 46 33 31 34 50 21 20 49 34 24 8 4 15 34 33 31 38 41 40 48 8 16 39 36 27 7 20 16 13 41 49 42 21 30 12 29 30 39 29 42 49 31 13 33 19 36 28 39 17 26 7 25 35 10 15 33 12 25 26 16 13 30 33 49 16 32 47 16 16 20 21 48 40 46 33 39 47 26 34 18 7 8 17 44 10 6 4 47 44 9 10 2 22 50 25 31 4 20 25 23 1 50 8 23 37 18 26 34 17 16 32 32 44 21 46 42 19 39 13 29 46 5 30 5 13 34 30 7 48 33 46 46 21 31 11 2 21 19 8 3 12 41 50 29 17 34 9 21 39 33 18 15 2 33 8 31 18 38 33 43 44 22 3 38 8 19 31 49 43 6 29 11 18 15 17 3 37 5 26 11 3 37 37 9 15 14 31 6 35 41 24 11 25 43 43 22 22 25 7 40 47 45 29 18 27 6 16 41 34 4 3 42 39 41 49 21 4 21 31 3 44 25 44 34 2 33 27 12 40 31 38 3 8 5 5 2 12 23 27 37 47 11 9 21 29 7 6 17 45 3 23 11 40 50 50 27 23 12 17 20 16 32 5 44 19 12 41 16 19 30 37 12 49 30 8 23 11 4 35 37 43 47 8 48 9 44 15 30 47 49 12 11 4 18 41 39 34 27 29 6 48 26 6 25 8 44 21 30 43 30 29 40 23 15 42 44 31 43 34 28 23 28 18 1 45 2 26 46 16 44 31 28 22 47 1 42 39 23 30 20 4 4 40 20 31 7 33 30 27 9 16 20 2 30 3 50 17 22 5 37 2 47 45 15 15 39 28 19 31 19 37 37 18 47 3 6 10 22 32 4 21 18 45 12 10 32 1 39 8 6 39 22 49 41 48 41 27 4 45 19 38 37 20 36 14 21 50 35 43 19 46 40 13 4 12 22 17 7 38 17 47 8 40 6 15 44 8 38 31 14 7 1 13 8 36 18 40 16 23 47 11 45 39 27 4 19 22 9 2 46 11 4 44 30 23 19 25 10 18 10 7 43 48 47 29 21 35 31 48 40 38 13 25 2 16 14 42 27 22 6 35 22 8 30 17 4 10 18 46 46 39 5 35 26 3 6 46 44 14 22 3 17 11 39 17 29 32 11 7 42 1 25 24 4 41 20 5 48 23 44 28 23 34 29 3 23 14 25 41 40 40 9 15 23 1 36 13 42 49 14 28 34 19 30 47 23 8 28 26 50 4 41 38 35 40 11 14 37 9 4 11 2 48 30 18 32 36 31 6 18 50 44 39 39 1 22 17 12 47 16 20 30 27 43 11 30 3 27 18 6 41 39 15 3 10 42 48 24 41 49 17 47 6 27 6 24 12 38 37 12 23 5 32 42 15 41 41 19 28 7 23 12 34 21 12 31 1 25 38 23 29 7 5 20 23 15 11 9 39 28 28
0