155
9 43 12 3 49 13 50 17 36 5
9 36 21 32 33 9 41 31 2 7
14 45 5 25 3 17 5 1 32 32 40 29 41 12 5
20 3 14 21 15 13 37 3 44 24 25 27 7 33 19 37 34 32 33 41 6
15 38 7 13 38 40 46 29 18 37 40 40 39 3 10 6
19 48 35 48 12 24 38 7 4 7 43 45 47 33 49 8 38 15 6 5
13 28 27 29 17 6 45 25 21 46 16 20 37 7
16 46 25 20 24 43 25 20 17 47 17 34 19 3 48 27 5
8 25 10 13 9 47 44 35 5
11 23 45 9 12 45 5 5 40 29 25 6
20 31 18 37 34 18 44 41 30 44 26 16 9 37 46 45 10 45 16 42 7
20 30 3 37 45 33 4 31 19 23 26 9 4 22 34 20 30 23 15 24 8
14 9 41 26 13 50 20 34 21 6 10 5 37 12 8
17 31 47 48 13 15 20 39 25 24 10 11 45 41 33 11 17 6
17 4 44 27 36 42 25 50 8 46 40 33 19 1 45 15 42 7
19 4 2 2 40 30 26 36 38 37 30 44 42 19 23 18 36 46 18 5
12 37 19 24 10 38 29 33 33 24 30 40 7
14 30 21 5 15 45 34 4 26 18 46 12 43 19 6
13 49 30 12 22 11 33 28 25 27 12 30 4 5
17 27 15 26 47 37 31 27 4 26 11 11 33 26 23 36 13 7
12 1 1 14 28 29 27 9 34 10 36 50 5
16 21 2 28 46 26 16 10 35 23 25 27 41 11 28 44 5
16 50 36 43 18 46 34 13 18 38 43 15 13 8 24 50 7
12 1 26 24 11 5 17 39 11 43 44 28 7
17 41 27 20 18 50 32 23 19 21 35 11 14 12 12 22 43 8
19 32 8 27 12 21 17 4 50 43 42 46 34 35 17 24 13 38 42 7
18 19 16 30 41 50 42 6 12 5 30 4 28 11 13 4 22 33 6
14 27 35 13 18 32 48 4 48 22 16 37 15 30 7
13 30 9 48 29 1 3 42 5 32 47 34 45 7
19 38 16 44 7 45 30 21 14 11 19 18 10 42 35 46 6 14 3 5
11 25 50 15 27 4 7 31 38 3 17 7
14 12 4 49 8 12 43 37 35 7 50 3 26 9 5
5 12 7 1 28 8
10 37 2 12 1 28 15 7 10 2 6
13 26 35 23 31 34 30 43 26 19 27 34 18 6
13 11 28 26 23 36 28 2 46 14 3 7 14 6
16 24 21 43 27 32 21 12 6 1 45 38 43 22 6 21 6
16 34 30 19 6 23 45 39 43 8 44 45 4 31 40 26 7
12 4 16 44 48 5 1 42 41 20 41 36 6
13 20 4 10 44 49 50 38 6 44 33 10 26 6
15 37 14 31 23 27 47 26 44 41 23 50 41 15 41 8
12 7 35 21 41 46 46 12 34 11 45 6 8
19 41 34 33 31 6 33 21 22 25 33 28 50 49 4 31 26 25 10 6
15 33 47 23 24 44 21 35 30 33 29 37 22 20 20 6
20 5 27 14 3 32 45 28 6 6 33 38 4 7 13 50 27 50 29 12 7
18 15 33 49 35 39 49 12 27 23 10 39 27 36 3 29 17 47 6
14 25 25 37 36 5 3 21 3 37 9 3 50 36 6
16 10 24 3 47 26 33 16 24 41 39 30 32 4 39 30 6
19 47 7 8 33 44 12 35 14 17 24 25 21 23 10 46 34 35 50 7
13 13 33 48 38 25 36 17 6 42 5 38 23 8
12 40 10 47 27 32 49 20 12 36 9 5 5
18 11 14 3 39 43 21 26 20 23 49 48 7 35 6 38 8 40 5
11 49 29 16 47 8 48 48 29 11 33 6
19 32 22 41 13 14 30 37 26 43 31 13 5 23 9 1 21 42 6 7
14 16 4 47 15 9 14 48 1 48 21 42 10 36 5
17 25 28 37 9 41 15 47 6 20 45 22 29 9 21 29 6 7
17 22 17 26 44 15 38 9 45 15 28 49 48 49 25 24 28 6
10 32 18 28 31 25 48 27 46 28 5
18 16 6 42 8 28 11 33 23 27 23 31 21 37 10 21 37 11 7
9 20 13 5 42 2 17 12 40 5
16 11 1 18 20 48 27 11 25 13 49 31 44 14 23 42 7
10 6 48 36 50 39 10 19 3 17 8
15 6 33 24 45 11 36 48 30 8 47 9 18 24 21 8
18 4 16 30 26 7 16 33 7 4 32 47 15 3 1 31 15 7 6
17 13 48 22 35 16 25 50 48 2 8 13 36 16 18 18 12 8
18 19 28 23 21 2 48 23 8 30 21 22 30 42 6 45 18 7 7
12 21 17 7 6 32 24 25 44 6 46 8 8
17 31 28 48 4 50 1 3 22 9 33 44 32 12 37 40 6 8
16 46 50 24 14 6 32 46 29 6 41 37 2 48 7 32 8
11 4 37 24 4 42 48 14 24 43 46 6
18 30 37 44 33 34 43 9 48 50 42 43 29 47 33 17 50 30 5
16 34 6 26 22 31 31 13 30 45 38 23 42 24 2 28 5
20 36 11 12 46 8 12 37 2 42 36 34 8 37 15 30 20 22 7 44 5
11 37 6 32 33 46 6 24 19 7 3 7
15 45 14 2 40 23 13 29 25 6 16 10 15 2 27 5
18 24 48 2 17 2 40 24 36 25 19 41 48 40 50 1 27 44 8
11 30 35 38 44 13 14 49 30 24 13 6
16 36 27 17 26 26 6 25 26 34 20 43 14 5 31 7 5
13 30 38 19 42 12 19 46 9 6 22 25 33 7
16 27 33 2 33 2 47 40 50 16 12 33 37 43 20 5 8
19 16 15 2 45 22 29 10 50 48 36 33 49 21 36 45 12 37 12 6
17 19 49 15 40 5 1 22 32 32 12 15 36 27 29 38 24 8
11 23 9 2 9 23 27 29 23 41 20 6
14 49 6 9 16 38 12 32 8 49 46 48 21 6 8
16 31 28 28 11 2 20 30 31 13 20 42 38 23 20 49 6
10 42 7 16 48 8 46 27 35 8 7
12 4 37 13 18 6 6 6 30 26 4 37 5
18 3 46 36 16 45 31 13 4 26 4 10 41 3 19 38 32 5 8
17 12 10 31 24 28 38 29 35 19 6 38 5 7 40 1 42 7
13 39 30 31 28 11 37 22 24 49 4 49 26 6
15 29 12 12 35 49 16 43 41 18 37 50 17 10 19 8
11 8 14 49 28 24 44 10 22 19 24 6
17 13 47 30 22 20 1 45 20 7 20 21 23 45 25 48 49 8
10 14 39 36 5 17 22 12 25 48 6
19 13 33 47 49 45 45 31 16 14 31 12 35 37 33 5 11 30 29 8
20 28 7 24 16 44 29 33 16 42 9 15 13 21 47 11 21 43 5 1 7
14 20 33 21 5 21 4 9 32 35 40 42 12 48 6
16 27 10 12 48 44 42 17 36 32 48 42 13 14 27 24 8
17 23 15 39 14 30 3 40 3 15 45 22 34 29 13 8 48 7
18 23 11 1 13 24 30 15 15 34 32 11 5 15 40 18 23 37 5
19 8 24 25 8 38 1 39 3 15 23 34 28 29 50 17 48 22 3 5
17 27 43 45 11 8 36 19 24 50 41 20 12 14 14 18 16 6
17 38 49 48 44 19 3 4 2 37 43 43 48 42 10 26 35 5
16 37 44 44 7 18 45 50 39 9 13 3 26 28 29 15 5
12 26 8 47 28 12 50 14 6 43 11 50 5
19 37 34 11 25 27 4 31 44 1 30 33 9 44 37 34 24 15 49 7
16 41 8 49 20 21 49 34 29 43 46 28 46 34 13 6 5
7 39 12 41 35 12 22 7
14 22 18 5 5 41 21 5 41 13 15 40 33 37 8
16 18 15 30 13 42 27 49 4 34 8 45 47 50 29 10 7
17 25 36 19 7 11 13 28 50 22 41 21 18 42 9 29 23 6
19 35 31 16 44 24 28 50 13 39 35 14 24 17 46 48 4 14 5 5
12 28 34 15 50 24 35 19 17 45 49 40 8
15 33 20 25 29 45 2 28 9 40 14 23 13 32 18 5
20 36 31 19 1 9 4 16 10 29 2 28 46 49 27 35 8 11 6 32 5
7 2 33 18 10 24 32 5
18 50 34 21 1 44 26 18 5 4 19 34 1 19 12 37 26 23 6
20 7 11 45 41 31 7 15 12 40 5 26 43 7 26 28 27 26 23 2 6
20 29 7 15 12 8 34 24 44 9 46 38 18 8 32 8 38 40 24 1 5
19 28 27 24 34 4 3 12 29 27 15 25 5 22 39 16 31 22 41 8
11 31 36 13 48 46 47 7 35 36 31 6
12 24 23 26 47 11 44 27 33 34 2 15 6
15 15 14 17 13 20 3 48 2 40 17 12 3 8 9 7
16 4 15 19 27 38 41 5 34 2 48 12 36 33 16 2 8
12 30 15 22 44 36 25 41 40 14 9 3 5
20 17 11 41 22 27 12 48 15 2 4 50 5 3 14 42 36 29 43 41 6
17 4 40 22 22 50 15 43 26 26 42 42 29 48 44 34 50 7
15 27 35 37 20 28 48 30 42 50 28 30 46 13 35 7
10 4 9 22 3 23 14 31 48 8 6
19 28 7 17 11 6 25 38 43 13 9 20 10 40 11 9 18 40 7 8
19 26 5 36 34 27 40 6 42 20 5 1 44 33 7 10 45 15 37 7
16 6 23 31 25 35 6 10 32 19 50 15 6 41 13 44 8
20 6 36 1 14 21 1 32 50 33 37 22 13 13 9 20 24 42 38 23 5
19 49 39 28 22 42 11 23 24 49 47 38 11 5 7 35 48 44 9 5
18 38 24 27 23 47 45 15 36 7 30 24 21 29 15 1 2 8 8
18 26 26 8 24 21 19 27 10 42 3 32 40 50 48 25 6 28 5
19 28 8 15 30 9 22 43 32 4 6 2 23 29 27 50 37 50 22 7
17 29 31 48 33 14 40 34 12 14 41 41 14 21 48 30 50 8
18 50 32 19 35 48 8 20 9 24 13 1 39 33 48 19 32 5 5
18 20 28 38 41 30 22 10 16 19 19 35 29 42 47 29 31 29 7
9 3 27 25 36 2 32 21 36 6
16 13 43 1 32 50 4 27 34 12 39 28 26 25 14 32 8
19 30 17 11 42 17 10 12 11 43 35 37 24 45 1 25 17 21 3 7
15 11 3 37 7 18 31 3 3 2 17 11 44 47 29 5
19 40 46 18 1 8 11 35 46 34 29 46 10 47 18 15 4 28 17 7
19 50 19 4 29 25 45 26 43 45 33 5 31 28 38 11 26 50 10 6
14 16 13 25 34 2 11 19 26 1 10 49 6 10 6
18 11 40 44 5 17 38 1 1 42 33 28 32 46 5 31 5 50 7
12 17 24 31 20 36 1 46 36 10 46 44 5
13 15 4 12 9 11 28 46 13 28 40 48 8 6
19 34 24 20 22 44 49 34 1 46 40 32 2 26 13 49 11 7 11 7
11 34 14 33 13 4 44 18 38 27 43 8
17 23 26 6 43 49 1 41 34 3 38 24 34 41 49 49 40 7
16 5 2 47 38 15 31 3 20 26 20 7 3 12 42 27 6
20 49 19 38 50 11 21 4 50 46 38 41 45 38 32 7 44 33 4 34 8