2147483641
1 -2147483641 0
2
-2 -2 -4 -2
9
8 8 9 8 1 7 1 8 9
9
-1 -1 -4 -5 -3
5
-4 -7 -9 -1 -3 -3
4
-1 -2 -9 -2 -2 -9 -4 -9 -8
9
3 8 4 3 6 1 3
5
4 8 4 3 8 3 5
8
7 9 7 2 9 7 8 7 7
2
-6 -7 -7 -4
9
5 6 4
6
8 4 9 2 5
6
8 2 4 6 9 7 3
1
8 4 4 3 8 6
9
9 5 4 2 3
1
6 2 2
8
6 1 7 6 7 7 8 9
4
-4 -8 -6 -3 -4 -1 -8 -4
2
-3 -7 -4 -6
2
8 1 5 5
1
6 6 1 5
4
-9 -7 -3 -1 -6 -5 -7 -1
3
-4 -7 -1 -6 -9
1
-2 -4 -2 -2 -5 -6 -7 -7
2
2 7 1 7 4 3 4
4
-2 -3 -7 -3 -7 -7 -6 -5 -1
1
-6 -8 -2 -1 -5 -6 -9 -6
6
-3 -6 -4
1
9 1 9 7 4
4
6 2 2 4 7 3 6 4
1
3 6 3 3
8
-4 -4 -9 -8
4
-1 -8 -2
3
7 5 4 8
2
2 1 7 7
7
5 3 1 8 3 5 7 6
5
-7 -5 -2 -1 -7 -7 -1 -5 -4
8
-1 -5 -9
1
-7 -6 -2 -4 -4 -6 -4
9
8 3 1
4
3 1 8 5 3 9