5 3 
3 1 5 
6 6 
6 1 3 2 5 4
5 4
4 2 3 1
1 1
1
2 1
1
8 5
8 6 3 5 7
9 3
2 7 1
10 10
3 8 10 7 9 5 2 4 1 6
6 5
2 3 1 5 4
20 6
12 16 18 14 19 10
29 16
11 29 27 8 20 22 1 3 9 24 13 4 23 6 28 15
89 88
23 82 9 8 52 2 53 12 61 72 50 71 62 51 17 66 40 19 60 57 33 58 21 3 65 56 44 45 34 1 77 38 6 30 86 37 16 88 63 70 28 76 36 25 48 13 10 11 78 27 42 87 79 46 41 73 47 67 85 32 5 15 49 59 80 4 24 74 26 81 20 29 68 14 89 55 83 75 43 84 69 64 54 35 18 7 31 22
97 86
81 21 10 54 84 92 4 27 58 80 62 67 8 3 36 56 89 85 46 11 71 42 50 35 38 15 68 74 61 23 2 41 12 30 26 9 86 22 72 66 49 31 33 96 79 5 29 40 37 45 1 34 17 70 63 88 48 47 55 59 51 32 73 19 64 53 69 24 83 25 18 20 39 90 82 97 76 91 28 65 13 75 6 77 43 94
990 15
1 903 5 7 229 117 13 15 17 219 215 923 825 27 290
10000 78
48 71 1076 64 18 65 9 4 14 53 55 3008 90 57 1 25 2 74 59 21 51 33 43 49 86 3506 7 94 5 23 69 66 11 60 96 6123 52 87 38 68 29 31 4205 1700 54 26 36 46 93 1910 81 8 12 32 98 56 3283 44 89 84 91 13 88 3723 95 67 15 78 39 82 40 85 73 72 41 83 80 2893