2 2
2 1
7 6
5 7 1 2 4 6
6 5
1 3 4 2 5
3 3
1 3 2
1 1
1
9 9
8 4 2 1 9 6 3 7 5
8 5
7 8 5 6 2
68 6
1 59 49 43 25 6
87 56
11 22 49 65 35 81 85 36 12 24 73 82 38 13 55 30 8 51 46 26 40 63 18 62 78 64 34 66 25 47 80 52 71 57 48 5 15 44 27 31 9 58 17 7 70 37 50 32 23 45 33 61 87 74 1 86
79 75
48 34 69 45 23 16 32 76 74 75 13 1 56 54 71 51 73 10 57 64 77 18 63 66 53 3 50 20 17 44 27 58 61 79 7 67 55 30 68 26 25 40 65 49 4 12 78 46 5 19 41 2 8 11 62 33 6 39 70 35 14 31 28 22 59 52 36 9 15 21 42 43 47 60 29
990 66
707 312 730 74 29 2 76 770 174 472 82 58 27 7 79 389 22 35 42 66 9 18 41 8 4 26 68 25 388 383 61 83 14 49 15 80 37 3 64 556 559 53 248 267 718 45 31 386 28 87 1 75 86 62 30 151 43 40 63 137 849 21 24 44 60 723
10000 77
24 6999 47 5999 21 7599 73 61 46 5772 2779 2775 68 60 53 4388 26 5088 51 9 49 44 19 7688 70 30 4 22 59 1 63 7 77 32 57 28 2 54 15 64 58 33 36 18 65 20 69 4888 1881 66 3 67 71 55 23 31 5699 4881 3999 14 3599 13 7290 2788 45 42 34 8 6882 40 1770 1772 7488 17 16 3788 38